0
0
0
0
0
0
0
0
1e-06
0
0
1e-06
1e-06
1e-06
1e-06
1e-06
2e-06
1e-06
1e-06
1e-06
1e-06
1e-06
2e-06
2e-06
1e-06
2e-06
2e-06
2e-06
2e-06
2e-06
2e-06
2e-06
2e-06
3e-06
3e-06
3e-06
3e-06
3e-06
3e-06
3e-06
3e-06
3e-06
3e-06
3e-06
4e-06
4e-06
4e-06
4e-06
4e-06
4e-06
4e-06
4e-06
5e-06
4e-06
5e-06
5e-06
5e-06
5e-06
6e-06
5e-06
6e-06
6e-06
6e-06
6e-06
6e-06
6e-06
6e-06
7e-06
7e-06
7e-06
7e-06
7e-06
7e-06
7e-06
7e-06
7e-06
7e-06
8e-06
8e-06
8e-06
9e-06
9e-06
9e-06
9e-06
9e-06
1e-05
1e-05
1e-05
1e-05
1e-05
1e-05
1.1e-05
1.1e-05
1.1e-05
1e-05
1.1e-05
1.1e-05
1.1e-05
1.1e-05
1.1e-05
1.2e-05
1.2e-05
1.2e-05
1.3e-05
1.3e-05
1.2e-05
1.3e-05
1.4e-05
1.4e-05
1.4e-05
1.4e-05
1.4e-05
1.4e-05
1.4e-05
1.4e-05
1.5e-05
1.5e-05
1.5e-05
1.5e-05
1.6e-05
1.6e-05
1.6e-05
1.7e-05
1.7e-05
1.7e-05
1.6e-05
1.7e-05
1.8e-05
1.8e-05
1.8e-05
1.8e-05
1.8e-05
1.9e-05
1.9e-05
1.9e-05
1.9e-05
2e-05
2e-05
1.9e-05
2e-05
2e-05
2e-05
2e-05
2.1e-05
2.1e-05
2.1e-05
2.1e-05
2.2e-05
2.2e-05
2.2e-05
2.2e-05
2.3e-05
2.2e-05
2.4e-05
2.4e-05
2.4e-05
2.4e-05
2.4e-05
2.4e-05
2.5e-05
2.5e-05
2.5e-05
2.5e-05
2.6e-05
2.6e-05
2.7e-05
2.7e-05
2.6e-05
2.7e-05
2.7e-05
2.8e-05
2.8e-05
2.7e-05
3.1e-05
2.9e-05
2.8e-05
2.9e-05
2.9e-05
3e-05
3e-05
3.1e-05
3.1e-05
3e-05
3.1e-05
3.1e-05
3.1e-05
3.2e-05
3.2e-05
3.2e-05
3.3e-05
3.3e-05
3.3e-05
3.3e-05
4.3e-05
3.4e-05
3.4e-05
3.5e-05
3.5e-05
3.5e-05
3.5e-05
3.6e-05
3.6e-05
3.6e-05
3.7e-05
3.7e-05
3.7e-05
3.7e-05
3.8e-05
3.8e-05
3.9e-05
3.8e-05
3.9e-05
4e-05
3.9e-05
4e-05
4.1e-05
4e-05
4.1e-05
4.1e-05
4.2e-05
4.1e-05
4.3e-05
4.2e-05
4.3e-05
4.3e-05
4.3e-05
4.4e-05
4.4e-05
4.5e-05
5.1e-05
4.6e-05
4.7e-05
4.7e-05
4.8e-05
4.8e-05
4.8e-05
4.9e-05
4.9e-05
4.8e-05
4.8e-05
4.9e-05
5.1e-05
5.1e-05
4.8e-05
4.8e-05
4.9e-05
4.9e-05
5e-05
4.9e-05
5e-05
5e-05
5.1e-05
5.1e-05
5.1e-05
5.2e-05
5.2e-05
5.2e-05
5.3e-05
5.4e-05
5.3e-05
5.3e-05
5.4e-05
5.4e-05
5.4e-05
5.5e-05
5.5e-05
5.6e-05
5.6e-05
5.6e-05
5.7e-05
5.7e-05
5.7e-05
5.7e-05
5.7e-05
5.8e-05
6.1e-05
5.9e-05
5.9e-05
6e-05
6e-05
6e-05
6.1e-05
6e-05
6.1e-05
6.1e-05
6.1e-05
6.2e-05
6.2e-05
6.3e-05
6.3e-05
6.3e-05
6.4e-05
6.4e-05
6.4e-05
6.5e-05
6.5e-05
6.6e-05
6.6e-05
6.6e-05
6.9e-05
6.9e-05
6.9e-05
6.9e-05
7e-05
7e-05
7e-05
7.6e-05
7.1e-05
7.1e-05
7.2e-05
7.2e-05
7.2e-05
7.3e-05
7.3e-05
7.4e-05
7.5e-05
7.5e-05
7.5e-05
7.5e-05
7.6e-05
7.7e-05
7.6e-05
7.7e-05
7.7e-05
7.7e-05
7.8e-05
7.9e-05
7.9e-05
7.9e-05
8e-05
8e-05
8.2e-05
8.4e-05
8.4e-05
8.6e-05
8.3e-05
8.3e-05
8.3e-05
8.6e-05
8.7e-05
8.7e-05
8.6e-05
8.5e-05
8.6e-05
8.6e-05
8.6e-05
8.9e-05
9e-05
9e-05
9e-05
9.1e-05
9.2e-05
9.2e-05
9.2e-05
9.2e-05
9.3e-05
9.4e-05
9.4e-05
9.5e-05
9.5e-05
9.5e-05
9.6e-05
9.5e-05
9.7e-05
9.7e-05
9.7e-05
9.8e-05
9.8e-05
9.9e-05
9.9e-05
0.0001
0.0001
0.000101
0.000102
0.0001
0.0001
9.9e-05
0.0001
0.000103
0.000104
0.000102
0.000104
0.000114
0.000106
0.000106
0.000107
0.000107
0.000107
0.000108
0.000109
0.000109
0.00011
0.00011
0.000111
0.000111
0.000111
0.000112
0.000113
0.000113
0.000113
0.000113
0.000115
0.000114
0.000115
0.000116
0.000116
0.000119
0.000118
0.000118
0.000119
0.000126
0.000132
0.000121
0.000137
0.000173
0.000121
0.000124
0.00014
0.000124
0.000122
0.000121
0.000136
0.000126
0.000123
0.000122
0.000118
0.000119
0.000125
0.00012
0.000121
0.000121
0.000122
0.000123
0.000123
0.000123
0.000124
0.000128
0.000128
0.000129
0.000129
0.00013
0.00013
0.000134
0.000131
0.000131
0.000133
0.000134
0.000137
0.000134
0.000135
0.000135
0.000135
0.000136
0.00014
0.000137
0.000138
0.000138
0.000139
0.000139
0.00014
0.00014
0.000144
0.000141
0.000141
0.000143
0.000144
0.000144
0.000144
0.000145
0.000145
0.000146
0.000146
0.000146
0.000147
0.000148
0.00015
0.000153
0.000154
0.000154
0.000156
0.000155
0.000156
0.000154
0.000158
0.000157
0.00015
0.000153
0.000156
0.000161
0.000156
0.000152
0.000152
0.000153
0.000154
0.000154
0.000155
0.000156
0.000156
0.000157
0.000158
0.000158
0.000159
0.000159
0.000161
0.000165
0.000166
0.000166
0.000167
0.000167
0.000168
0.000169
0.000169
0.000169
0.00017
0.000171
0.000172
0.000172
0.000173
0.000174
0.000174
0.000176
0.000179
0.000176
0.000186
0.000186
0.000178
0.000178
0.000182
0.000179
0.000183
0.000181
0.000181
0.000184
0.000183
0.000183
0.000184
0.000185
0.000185
0.000185
0.000186
0.000187
0.000195
0.000191
0.000188
0.000189
0.00019
0.00019
0.000191
0.0002
0.000192
0.000201
0.000194
0.000194
0.000195
0.000196
0.000196
0.000197
0.000198
0.0002
0.000199
0.000202
0.0002
0.000201
0.000201
0.000202
0.000206
0.000205
0.000204
0.000205
0.000205
0.000206
0.000209
0.000207
0.00021
0.00021
0.000211
0.000212
0.00021
0.000223
0.000221
0.000213
0.000214
0.000214
0.000218
0.000216
0.000219
0.000219
0.000217
0.000222
0.000222
0.000219
0.000219
0.000221
0.000221
0.000221
0.000226
0.000236
0.000227
0.000225
0.000225
0.000226
0.000234
0.000228
0.000228
0.000233
0.000234
0.000233
0.000231
0.000231
0.000232
0.000233
0.000234
0.000235
0.000234
0.000239
0.000235
0.000237
0.000238
0.000238
0.000244
0.00024
0.000234
0.000237
0.000234
0.000243
0.000236
0.00024
0.000238
0.000238
0.000239
0.000244
0.000245
0.000241
0.000241
0.000243
0.000253
0.000251
0.000253
0.000255
0.000253
0.000257
0.000254
0.000255
0.000257
0.000256
0.00026
0.000261
0.000259
0.00026
0.00026
0.000261
0.000262
0.000266
0.000264
0.000264
0.000264
0.000269
0.000267
0.000268
0.000268
0.000272
0.000273
0.000271
0.000271
0.000272
0.000273
0.000274
0.00028
0.000275
0.000276
0.000276
0.000278
0.000278
0.000279
0.000283
0.000281
0.000284
0.000282
0.000283
0.000284
0.000284
0.000288
0.000286
0.000287
0.000287
0.000292
0.000289
0.000292
0.00029
0.000292
0.000295
0.000293
0.000293
0.000295
0.000298
0.000304
0.000301
0.0003
0.000298
0.000302
0.000302
0.000306
0.000302
0.000303
0.000306
0.000304
0.000308
0.000306
0.000306
0.000314
0.000308
0.000312
0.00031
0.000313
0.000312
0.000319
0.000312
0.000313
0.000315
0.000315
0.000319
0.00032
0.000326
0.000318
0.000322
0.000322
0.000321
0.000331
0.000323
0.000323
0.000324
0.000325
0.000331
0.000326
0.000327
0.000331
0.000332
0.000331
0.000341
0.000355
0.000332
0.000334
0.000334
0.000335
0.000336
0.000337
0.000341
0.000341
0.000339
0.00034
0.000341
0.000344
0.000342
0.000344
0.000348
0.000345
0.000345
0.000347
0.000348
0.000348
0.000349
0.000352
0.000353
0.000356
0.000356
0.000354
0.000358
0.000369
0.000381
0.000391
0.000375
0.000359
0.000361
0.000361
0.000365
0.000363
0.000364
0.000364
0.000365
0.000367
0.00037
0.000368
0.000369
0.00037
0.000371
0.000374
0.000372
0.000373
0.000379
0.000375
0.000378
0.000379
0.000377
0.000378
0.000382
0.000384
0.000381
0.000382
0.000383
0.000384
0.000394
0.000385
0.000386
0.000387
0.000388
0.000392
0.00039
0.000391
0.000392
0.000395
0.000395
0.000394
0.000398
0.000401
0.000398
0.000402
0.000399
0.0004
0.000401
0.000405
0.000406
0.000404
0.000405
0.000406
0.000407
0.000411
0.000409
0.000417
0.000414
0.000411
0.000412
0.000414
0.000414
0.000418
0.000419
0.000417
0.000418
0.000425
0.000435
0.000423
0.000421
0.000422
0.000423
0.000427
0.000425
0.000427
0.00043
0.000429
0.000433
0.00043
0.000431
0.000432
0.000435
0.000433
0.000434
0.000435
0.000436
0.00044
0.000441
0.000439
0.000445
0.000445
0.000443
0.000444
0.000445
0.000446
0.000449
0.000448
0.000451
0.000449
0.000453
0.000451
0.000452
0.000453
0.000454
0.000459
0.000472
0.000459
0.000459
0.000459
0.00046
0.000464
0.000464
0.000466
0.000464
0.000466
0.000467
0.00047
0.000469
0.000469
0.00047
0.000472
0.000473
0.000474
0.000475
0.000478
0.000514
0.000478
0.000479
0.000482
0.00048
0.000481
0.000488
0.000487
0.000484
0.000492
0.000487
0.000491
0.000488
0.00049
0.00049
0.000495
0.000493
0.000494
0.000497
0.000499
0.000497
0.000498
0.000499
0.000503
0.000501
0.000501
0.000509
0.000507
0.000508
0.000506
0.000507
0.000511
0.000509
0.00051
0.000514
0.000513
0.000514
0.000514
0.000516
0.000519
0.000517
0.000519
0.000522
0.000521
0.000523
0.000526
0.000524
0.000525
0.000526
0.00053
0.000528
0.000529
0.00053
0.000534
0.000532
0.000534
0.000534
0.000538
0.000536
0.00054
0.000541
0.00054
0.000541
0.000541
0.000551
0.000544
0.000545
0.000547
0.00055
0.000549
0.000559
0.000554
0.000552
0.000553
0.000554
0.000558
0.000556
0.000557
0.000561
0.00056
0.000561
0.000562
0.000569
0.000567
0.000565
0.000569
0.000567
0.000571
0.000572
0.00057
0.000572
0.000572
0.000577
0.000575
0.000576
0.00058
0.000576
0.000578
0.000579
0.000588
0.000582
0.000584
0.000588
0.000586
0.000587
0.000591
0.000589
0.000594
0.000599
0.000595
0.000594
0.000595
0.000599
0.000597
0.000601
0.000606
0.000601
0.000601
0.000611
0.000625
0.000605
0.000609
0.000607
0.000611
0.000608
0.000614
0.000612
0.000613
0.000625
0.000621
0.000616
0.000618
0.000627
0.00062
0.000624
0.000622
0.000623
0.000628
0.000626
0.000627
0.000631
0.000629
0.000635
0.000639
0.000633
0.000634
0.000638
0.000645
0.000638
0.000642
0.00064
0.000641
0.000645
0.000646
0.000645
0.000645
0.000651
0.000647
0.000648
0.000649
0.00065
0.000651
0.00066
0.000655
0.000657
0.000662
0.000659
0.000663
0.000661
0.000662
0.000667
0.000665
0.000669
0.00067
0.000669
0.000669
0.000673
0.000678
0.000676
0.000677
0.000675
0.00068
0.000681
0.000679
0.00068
0.000684
0.000683
0.000681
0.000667
0.000666
0.000667
0.000671
0.000675
0.000686
0.000692
0.000697
0.000697
0.000696
0.000697
0.000701
0.000699
0.000701
0.000705
0.000706
0.000705
0.000709
0.000713
0.000708
0.000709
0.000711
0.000715
0.000713
0.000715
0.000719
0.000739
0.000719
0.000722
0.000721
0.000722
0.000723
0.000732
0.000725
0.000724
0.000729
0.000752
0.000751
0.000753
0.000765
0.000757
0.000743
0.000737
0.000741
0.000738
0.00074
0.000747
0.000744
0.000747
0.000746
0.000747
0.000751
0.000749
0.00075
0.000751
0.000753
0.000756
0.000757
0.000756
0.000763
0.00076
0.000764
0.000762
0.000764
0.000765
0.000766
0.000767
0.000769
0.00077
0.000771
0.000771
0.000774
0.000777
0.000777
0.000778
0.000779
0.000779
0.000781
0.000782
0.000783
0.000784
0.000785
0.000788
0.000788
0.000799
0.000792
0.000796
0.000795
0.0008
0.000808
0.000808
0.0008
0.000801
0.000803
0.000804
0.000805
0.00081
0.000814
0.000809
0.00081
0.000812
0.000813
0.000814
0.000815
0.000817
0.000821
0.000829
0.00082
0.000822
0.00083
0.000862
0.000829
0.000828
0.000829
0.000831
0.000833
0.000834
0.000834
0.000836
0.000837
0.000839
0.000843
0.000841
0.000846
0.000844
0.000848
0.000846
0.000848
0.00085
0.000851
0.000852
0.00086
0.000857
0.000864
0.00086
0.000861
0.000863
0.000864
0.000874
0.000864
0.000866
0.000866
0.000868
0.000869
0.000874
0.000875
0.000874
0.000875
0.000879
0.000887
0.00088
0.00088
0.000881
0.000882
0.000903
0.000895
0.000891
0.000888
0.000893
0.000892
0.000896
0.000894
0.000895
0.000897
0.000899
0.000922
0.000917
0.000903
0.000922
0.000909
0.000907
0.000911
0.000909
0.000914
0.000912
0.000916
0.000915
0.000921
0.000919
0.000922
0.00092
0.00092
0.000929
0.000925
0.000929
0.000927
0.000932
0.000945
0.000945
0.000933
0.000941
0.000939
0.00094
0.000939
0.000943
0.000942
0.000946
0.000945
0.000952
0.000948
0.00095
0.000953
0.000955
0.000956
0.000964
0.000956
0.000958
0.000959
0.000977
0.000994
0.000973
0.000965
0.000967
0.00098
0.000971
0.000971
0.00098
0.000989
0.00098
0.000976
0.000978
0.000979
0.000981
0.001015
0.001026
0.001
0.000992
0.000988
0.000995
0.000996
0.000998
0.000994
0.000996
0.000997
0.000999
0.000998
0.001007
0.001015
0.001007
0.001006
0.001015
0.001013
0.001016
0.001012
0.001023
0.001021
0.001107
0.001022
0.000996
0.000991
0.000992
0.000993
0.000994
0.000998
0.000997
0.000999
0.001072
0.001036
0.001035
0.001038
0.001037
0.001036
0.001036
0.00104
0.001042
0.001046
0.001046
0.001048
0.00105
0.00105
0.001052
0.001053
0.001055
0.001057
0.001058
0.001062
0.001061
0.001063
0.001062
0.001063
0.001064
0.001066
0.001067
0.001082
0.001113
0.00111
0.001108
0.001112
0.001114
0.00112
0.001117
0.001116
0.001126
0.001127
0.001121
0.00109
0.00109
0.001106
0.001104
0.001108
0.00112
0.00111
0.0011
0.001102
0.001104
0.001106
0.001111
0.001121
0.001115
0.001114
0.001113
0.001119
0.00116
0.001131
0.001145
0.001158
0.001158
0.00116
0.001153
0.001161
0.001137
0.00113
0.001131
0.00113
0.001134
0.001158
0.00121
0.001142
0.001177
0.001144
0.001181
0.001144
0.001148
0.001183
0.001171
0.001176
0.001129
0.001139
0.001172
0.001182
0.001128
0.001127
0.001165
0.001186
0.001203
0.001175
0.001169
0.00117
0.001205
0.001197
0.001179
0.001177
0.001203
0.00122
0.001194
0.001183
0.001235
0.00117
0.001157
0.001211
0.001191
0.001232
0.001201
0.001221
0.001241
0.001216
0.001201
0.001203
0.001202
0.001204
0.001242
0.001235
0.001214
0.001212
0.001236
0.00125
0.00122
0.001219
0.001234
0.001223
0.001229
0.001225
0.001227
0.001229
0.001233
0.001233
0.001237
0.001238
0.001248
0.001241
0.001244
0.001245
0.001247
0.001245
0.001247
0.001331
0.001211
0.001211
0.001215
0.001214
0.001237
0.00122
0.001218
0.001302
0.001282
0.001264
0.001274
0.001271
0.001273
0.001275
0.001273
0.00129
0.00132
0.001279
0.001282
0.001291
0.001305
0.001287
0.00129
0.001288
0.001292
0.001295
0.001293
0.001302
0.0013
0.001299
0.001306
0.00131
0.001311
0.001305
0.001307
0.001311
0.001313
0.001315
0.00132
0.001328
0.001317
0.001321
0.00132
0.001324
0.001326
0.001332
0.001329
0.001328
0.001339
0.001334
0.001351
0.00136
0.001312
0.001302
0.001301
0.001344
0.001344
0.001343
0.001352
0.001361
0.001355
0.001355
0.001357
0.001355
0.001356
0.001364
0.001373
0.001368
0.001364
0.001368
0.001368
0.001375
0.001374
0.001374
0.001384
0.001389
0.001379
0.00138
0.001385
0.001386
0.001385
0.001389
0.001397
0.00139
0.001395
0.001396
0.001399
0.0014
0.001402
0.001408
0.001402
0.001407
0.001408
0.00141
0.00141
0.001414
0.001421
0.001418
0.001419
0.001421
0.001423
0.001424
0.001424
0.001433
0.001435
0.001428
0.001433
0.001435
0.001436
0.001435
0.001444
0.001442
0.00145
0.001446
0.001467
0.001449
0.001456
0.001461
0.00145
0.001452
0.001454
0.001453
0.001457
0.001462
0.001462
0.001466
0.001468
0.001469
0.001469
0.001481
0.001486
0.001477
0.001478
0.001481
0.00148
0.001484
0.001483
0.00149
0.00149
0.001488
0.001491
0.001492
0.001496
0.001501
0.001497
0.0015
0.001503
0.001503
0.001507
0.001509
0.001512
0.00151
0.00151
0.001514
0.001517
0.001515
0.001517
0.001527
0.001548
0.001528
0.001526
0.001533
0.001533
0.001538
0.001537
0.001535
0.00154
0.001543
0.001541
0.001549
0.001553
0.001551
0.001551
0.001553
0.001563
0.001559
0.001565
0.00156
0.001562
0.001561
0.001566
0.001564
0.001582
0.001572
0.00157
0.001575
0.001577
0.001579
0.001583
0.00158
0.001584
0.001586
0.001588
0.001589
0.001598
0.001598
0.001593
0.001597
0.001597
0.001627
0.001602
0.001606
0.001606
0.001608
0.001607
0.001612
0.001612
0.001625
0.001614
0.001622
0.001671
0.001657
0.001622
0.001617
0.001646
0.001691
0.001683
0.001689
0.001693
0.001689
0.001706
0.001676
0.001677
0.001693
0.001707
0.001703
0.001707
0.001653
0.00163
0.001657
0.001656
0.001666
0.001663
0.001665
0.001666
0.001666
0.00167
0.001682
0.001671
0.001674
0.001686
0.001682
0.001683
0.001696
0.001701
0.00169
0.001694
0.001694
0.00173
0.00175
0.00174
0.001736
0.001745
0.001726
0.001762
0.001784
0.001757
0.001759
0.001791
0.001759
0.001776
0.001762
0.001792
0.00178
0.001784
0.001784
0.001746
0.001789
0.001774
0.001731
0.00173
0.001734
0.001737
0.001739
0.001789
0.001786
0.001788
0.001782
0.001752
0.0018
0.001802
0.001806
0.001804
0.00182
0.001806
0.001811
0.001809
0.001716
0.001727
0.001769
0.001778
0.001827
0.001779
0.001761
0.00181
0.001786
0.001789
0.001788
0.001787
0.001798
0.001798
0.001796
0.001797
0.0018
0.001804
0.001806
0.001805
0.00181
0.00182
0.001817
0.001823
0.001832
0.001836
0.001816
0.001823
0.00182
0.001838
0.001824
0.00183
0.001832
0.001831
0.001841
0.001861
0.001854
0.001839
0.001844
0.001887
0.001873
0.001872
0.001854
0.001889
0.001934
0.001882
0.001855
0.001913
0.00191
0.001867
0.001875
0.001867
0.001994
0.001884
0.001869
0.001878
0.001974
0.001876
0.001875
0.00188
0.001885
0.001885
0.001895
0.001894
0.001949
0.001898
0.001897
0.001903
0.001961
0.001906
0.001905
0.001919
0.001958
0.001958
0.001922
0.001944
0.001914
0.001945
0.001919
0.001928
0.001921
0.001947
0.001935
0.001936
0.001879
0.001935
0.001938
0.001951
0.001945
0.001946
0.001948
0.001943
0.001947
0.001965
0.001954
0.001957
0.001995
0.002013
0.002028
0.001981
0.001977
0.001965
0.001986
0.001977
0.001985
0.001975
0.001938
0.00199
0.001984
0.00205
0.001949
0.001972
0.002
0.002006
0.002003
0.002006
0.002001
0.00205
0.001983
0.002019
0.002087
0.002106
0.002024
0.002015
0.002107
0.002029
0.001961
0.002001
0.002025
0.002038
0.001995
0.002006
0.002098
0.002076
0.002003
0.002021
0.002042
0.00205
0.001991
0.00203
0.002057
0.002075
0.002002
0.002046
0.002067
0.00208
0.001999
0.001996
0.001999
0.002
0.002073
0.002116
0.002125
0.002086
0.002042
0.002092
0.002118
0.002052
0.002056
0.002085
0.002107
0.002123
0.002093
0.002186
0.002099
0.002108
0.002163
0.002128
0.002116
0.002119
0.002175
0.002127
0.002129
0.002122
0.002192
0.002133
0.00213
0.00217
0.002188
0.002144
0.002146
0.002142
0.002102
0.002153
0.002148
0.002237
0.002184
0.00215
0.002196
0.002213
0.00216
0.002162
0.00218
0.002165
0.002173
0.002167
0.00223
0.002174
0.002186
0.002249
0.002199
0.002183
0.002182
0.002187
0.002198
0.002192
0.002194
0.002266
0.002195
0.002197
0.002259
0.002227
0.002153
0.002195
0.00222
0.00222
0.002187
0.002262
0.002231
0.002225
0.002229
0.002235
0.002232
0.002234
0.002304
0.002272
0.002244
0.002237
0.002326
0.002255
0.002247
0.002265
0.002268
0.002255
0.002254
0.002342
0.002257
0.002282
0.002265
0.00228
0.002274
0.002357
0.002289
0.002253
0.002258
0.002283
0.002327
0.002289
0.00221
0.002213
0.002215
0.002263
0.002291
0.002316
0.002297
0.002388
0.002325
0.002319
0.002318
0.002354
0.002326
0.002279
0.002331
0.002317
0.002327
0.002322
0.002324
0.002327
0.002328
0.002338
0.002336
0.002338
0.002338
0.002346
0.002342
0.002348
0.002349
0.002356
0.002353
0.002353
0.002355
0.00236
0.002364
0.002355
0.002316
0.00237
0.00238
0.002376
0.002382
0.002376
0.00238
0.002381
0.002457
0.002411
0.002321
0.002328
0.002326
0.002435
0.002449
0.002478
0.002366
0.002344
0.002403
0.002443
0.002424
0.002382
0.002419
0.002411
0.002426
0.002435
0.00244
0.00236
0.00239
0.002437
0.002439
0.002449
0.002442
0.002447
0.002444
0.002454
0.002448
0.002452
0.002454
0.002458
0.002487
0.002458
0.002486
0.00247
0.002464
0.002473
0.002472
0.002483
0.002484
0.002486
0.002481
0.002492
0.002486
0.002486
0.002491
0.002498
0.002495
0.002497
0.002499
0.002504
0.002501
0.002516
0.002509
0.002525
0.002513
0.002516
0.002519
0.002539
0.002544
0.002523
0.002533
0.002533
0.002532
0.002534
0.002539
0.002539
0.002542
0.002544
0.002547
0.002549
0.002551
0.002569
0.002557
0.002558
0.002558
0.002568
0.002572
0.002568
0.002563
0.002568
0.002576
0.002577
0.002588
0.002619
0.002595
0.002589
0.002586
0.002589
0.002599
0.002594
0.002599
0.00261
0.002609
0.002605
0.002611
0.002619
0.002613
0.002608
0.002614
0.002618
0.002688
0.00266
0.002684
0.002633
0.002632
0.002681
0.002717
0.002669
0.002639
0.002638
0.002694
0.002644
0.002652
0.002651
0.002654
0.002657
0.002662
0.002663
0.002691
0.002668
0.002677
0.002672
0.002673
0.002699
0.00272
0.002689
0.00269
0.002694
0.002689
0.002692
0.002691
0.002701
0.002736
0.002716
0.00271
0.002708
0.002708
0.002711
0.00272
0.002716
0.002716
0.002722
0.00273
0.002726
0.002726
0.002728
0.002737
0.002732
0.002735
0.002741
0.002741
0.002745
0.002756
0.002759
0.002749
0.002752
0.002768
0.002757
0.002762
0.002765
0.002774
0.002769
0.002773
0.002778
0.002775
0.002775
0.002782
0.002788
0.002787
0.002789
0.002789
0.002809
0.002794
0.002799
0.002811
0.002822
0.002807
0.002818
0.002823
0.002811
0.002824
0.002843
0.002818
0.002824
0.002826
0.00285
0.002829
0.002831
0.002835
0.002861
0.002841
0.002844
0.002862
0.002853
0.002851
0.002859
0.002869
0.002856
0.002873
0.002861
0.002867
0.002923
0.002876
0.002947
0.002886
0.002897
0.002941
0.002883
0.00292
0.002853
0.002892
0.002974
0.002902
0.002899
0.002961
0.002906
0.002986
0.002905
0.002916
0.003003
0.00292
0.002922
0.002998
0.002969
0.002982
0.002947
0.002932
0.002998
0.002941
0.002936
0.003019
0.002946
0.002992
0.00297
0.002951
0.003037
0.002954
0.002955
0.002977
0.002964
0.003019
0.002968
0.002966
0.003041
0.002991
0.003026
0.003023
0.002981
0.00307
0.002986
0.002919
0.003003
0.003
0.002993
0.003128
0.002948
0.00297
0.00305
0.003033
0.003064
0.002969
0.003025
0.00303
0.003122
0.003147
0.003126
0.00313
0.003133
0.003023
0.003142
0.003079
0.003064
0.003053
0.002993
0.003054
0.003021
0.003072
0.003117
0.003065
0.00308
0.003084
0.003077
0.003154
0.003079
0.003099
0.003087
0.003077
0.003096
0.003089
0.003095
0.003102
0.003098
0.003101
0.003106
0.003105
0.003112
0.003108
0.003111
0.003129
0.003118
0.003136
0.003122
0.003124
0.003143
0.003129
0.003147
0.00314
0.003132
0.003152
0.003143
0.00316
0.003151
0.003156
0.003188
0.003164
0.003202
0.003215
0.003305
0.003271
0.003279
0.003274
0.00323
0.003298
0.003296
0.003309
0.003312
0.003178
0.003184
0.003188
0.003188
0.003204
0.003197
0.003199
0.003205
0.003206
0.003197
0.003202
0.003203
0.003223
0.003222
0.003222
0.003229
0.003228
0.003243
0.003237
0.00324
0.003243
0.003248
0.003246
0.003246
0.003256
0.003254
0.003254
0.003264
0.003263
0.003262
0.00327
0.003282
0.00327
0.003283
0.003199
0.003263
0.003288
0.003286
0.003293
0.003284
0.003294
0.003297
0.0033
0.003302
0.003306
0.003306
0.003311
0.003313
0.003315
0.00332
0.003323
0.003324
0.003327
0.003332
0.003331
0.003331
0.00334
0.003339
0.003342
0.003347
0.003348
0.003348
0.003355
0.003353
0.003358
0.003367
0.003364
0.003369
0.003376
0.003369
0.003374
0.003384
0.003377
0.003382
0.003391
0.003386
0.003388
0.003397
0.003396
0.003399
0.003419
0.003306
0.003408
0.00342
0.003408
0.003403
0.003419
0.003421
0.003421
0.003436
0.003428
0.003428
0.003435
0.003429
0.003448
0.003447
0.003442
0.003448
0.003455
0.003454
0.003468
0.003558
0.003463
0.003471
0.003466
0.003468
0.003479
0.003474
0.00348
0.003483
0.003484
0.003503
0.003493
0.003496
0.003491
0.003501
0.003497
0.003507
0.003529
0.003509
0.003517
0.003557
0.003482
0.003445
0.00352
0.003525
0.003539
0.00353
0.003532
0.003541
0.003544
0.003541
0.003547
0.003544
0.003546
0.003558
0.003587
0.003561
0.003561
0.003564
0.003543
0.003495
0.003569
0.003592
0.003568
0.003571
0.003585
0.00359
0.003589
0.003591
0.003586
0.003593
0.0036
0.0036
0.003623
0.003608
0.003611
0.003623
0.003613
0.003619
0.003642
0.003627
0.003631
0.003631
0.003634
0.00364
0.003639
0.003639
0.003658
0.003658
0.003639
0.003656
0.00369
0.003665
0.003662
0.003672
0.003682
0.003683
0.003673
0.003702
0.003679
0.003691
0.003684
0.003684
0.003712
0.003692
0.003696
0.003712
0.00372
0.003725
0.003716
0.003709
0.003719
0.00372
0.003718
0.003727
0.003744
0.003741
0.003727
0.003749
0.003739
0.003738
0.003732
0.003754
0.003747
0.003753
0.003761
0.003756
0.003768
0.003759
0.003761
0.003767
0.003766
0.003777
0.003779
0.003779
0.003808
0.003853
0.003832
0.003811
0.003794
0.003867
0.003831
0.003806
0.003855
0.003821
0.003825
0.00381
0.003815
0.003821
0.003818
0.003824
0.003831
0.00383
0.003841
0.003838
0.003838
0.003844
0.003844
0.003849
0.003849
0.003903
0.003861
0.003858
0.003861
0.00387
0.003886
0.003874
0.003873
0.003876
0.003879
0.003881
0.003895
0.003891
0.003881
0.003893
0.003897
0.003912
0.003899
0.003902
0.003921
0.003908
0.003913
0.003907
0.00391
0.003922
0.003941
0.003929
0.00395
0.003934
0.00394
0.00394
0.003942
0.003949
0.003992
0.003957
0.003955
0.003966
0.003974
0.004159
0.003974
0.00397
0.003965
0.003978
0.003978
0.003983
0.003999
0.003987
0.003991
0.003993
0.004077
0.003994
0.004021
0.004014
0.00401
0.004023
0.004013
0.004016
0.004024
0.004024
0.004035
0.004048
0.004068
0.004034
0.003971
0.003923
0.004031
0.004037
0.004006
0.004048
0.00406
0.004066
0.00407
0.004061
0.004079
0.004073
0.00409
0.004077
0.004075
0.004083
0.004082
0.004084
0.004133
0.004118
0.00408
0.004067
0.004107
0.004105
0.004112
0.004118
0.003996
0.004119
0.004117
0.004125
0.004128
0.004129
0.004132
0.004131
0.004144
0.004138
0.004138
0.004144
0.004149
0.004169
0.004156
0.004162
0.004169
0.004182
0.00417
0.00417
0.004176
0.004184
0.004187
0.00418
0.004183
0.004199
0.004202
0.004208
0.004198
0.004201
0.004205
0.004316
0.004219
0.004213
0.004222
0.004236
0.004234
0.004229
0.004237
0.004249
0.004238
0.004244
0.004262
0.004243
0.004259
0.00425
0.004259
0.004255
0.004265
0.004277
0.004264
0.004274
0.004271
0.004277
0.004293
0.004284
0.004291
0.004286
0.004295
0.004301
0.004301
0.004298
0.004304
0.004304
0.004311
0.004311
0.004313
0.004322
0.004319
0.004345
0.004325
0.004335
0.004329
0.004332
0.00436
0.004342
0.004347
0.004343
0.00435
0.00435
0.004356
0.004367
0.004376
0.004367
0.004392
0.004378
0.004377
0.004392
0.004386
0.004394
0.00439
0.00439
0.004405
0.004396
0.00442
0.004404
0.004407
0.004461
0.004361
0.004283
0.004443
0.004403
0.004418
0.004425
0.004427
0.00443
0.004442
0.004439
0.004443
0.004452
0.004449
0.004452
0.004545
0.004506
0.004458
0.004469
0.004448
0.004451
0.00456
0.004541
0.004489
0.00443
0.004455
0.004487
0.004483
0.004495
0.004502
0.0045
0.004501
0.004508
0.004508
0.004514
0.004515
0.004521
0.004526
0.004636
0.004615
0.004544
0.004543
0.004548
0.004552
0.00455
0.004563
0.004551
0.004561
0.004558
0.004569
0.004561
0.004572
0.004571
0.004572
0.004575
0.00458
0.004588
0.004583
0.004592
0.00459
0.004637
0.004524
0.004604
0.004615
0.004614
0.00462
0.004609
0.004616
0.004619
0.004637
0.004638
0.004636
0.004631
0.004643
0.004641
0.004643
0.004663
0.004606
0.004682
0.004654
0.004666
0.004663
0.004673
0.004689
0.00468
0.004691
0.004679
0.004702
0.004684
0.004691
0.004696
0.004781
0.004667
0.004622
0.004758
0.004728
0.004708
0.004717
0.004717
0.004739
0.004721
0.004729
0.004735
0.004733
0.004749
0.004767
0.004756
0.004747
0.004754
0.004657
0.004743
0.004767
0.004772
0.004772
0.004739
0.004717
0.004778
0.004777
0.004785
0.004783
0.004789
0.004787
0.004793
0.004798
0.004815
0.004805
0.004806
0.004811
0.004811
0.004816
0.004817
0.004827
0.004825
0.00483
0.004832
0.004837
0.004777
0.004803
0.004847
0.004851
0.004851
0.004869
0.004863
0.004858
0.004865
0.004868
0.004871
0.004876
0.004878
0.004887
0.004884
0.004887
0.004899
0.004982
0.004902
0.004913
0.004903
0.004918
0.004803
0.004918
0.004914
0.004924
0.00492
0.004933
0.004958
0.004943
0.004942
0.004963
0.004987
0.004943
0.004956
0.004952
0.004962
0.004959
0.004969
0.004966
0.004975
0.004973
0.004977
0.00489
0.00499
0.005024
0.004996
0.004998
0.005001
